00000000000000000000000000000000 00000 00000000000000000000000000000000 0 00000000000000000000000000000000 00000000000000000000000000000000 0
00000000000000000000000000000100 00000 00000000000000000000000000000000 0 00000000000000000000000000000000 00000000000000000000000000000000 0
00000000000000000000000000001000 00001 01111111111111111111111111111111 1 00000000000000000000000000000000 00000000000000000000000000000000 0
00000000000000000000000000001100 00010 00111111111111111111111111111111 1 00000000000000000000000000000000 00000000000000000000000000000000 0
00000000000000000000000000010000 00011 10111111111111111111111111111110 1 00000000000000000000000000000000 00000000000000000000000000000000 0
00000000000000000000000000010100 00100 01000000000000000000000000000000 1 00000000000000000000000000000000 00000000000000000000000000000000 0
00000000000000000000000000011000 00101 00111111111111111111111111111111 1 00000000000000000000000000000000 00000000000000000000000000000000 0
00000000000000000000000000011100 00110 01111111111111111111111111111111 1 00000000000000000000000000000000 00000000000000000000000000000000 0
00000000000000000000000000100000 00111 10000000000000000000000000000000 1 00000000000000000000000000000000 00000000000000000000000000000000 0
00000000000000000000000000100100 00000 00000000000000000000000000000000 0 00000000000000000000000000000000 00000000000000000000000000000000 0
00000000000000000000000000101000 00000 00000000000000000000000000000000 0 00000000000000000000000000000000 00000000000000000000000000000000 0
00000000000000000000000000110000 00000 00000000000000000000000000000000 0 00000000000000000000000000000000 00000000000000000000000000000000 0
00000000000000000000000000110100 00001 00000000000000000000000000001000 0 00000000000000000000000000001000 00111111111111111111111111111111 1
00000000000000000000000000111000 00100 00000000000000000000000000001000 0 00000000000000000000000000001000 00100000000000000000000000000000 1
00000000000000000000000000111100 00000 00000000000000000000000000000000 1 00000000000000000000000000001000 00100000000000000000000000000000 1
